7.188195406990337688e+03
6.754412950731520141e+03
6.356009923156791956e+03
5.989440012640456189e+03
5.651562006724882849e+03
5.339579456880084763e+03
5.050986741638788772e+03
4.783520417505314981e+03
4.535115705195151349e+03
4.303869849089938725e+03
4.088017004421242746e+03
3.885922814402353652e+03
3.696108203989421327e+03
3.517305717924824876e+03
3.348532636084373735e+03
3.189138735967969751e+03
3.038777970946268397e+03
2.897288656919757159e+03
2.764529912089124537e+03
2.640253675042726627e+03
2.524059822470995186e+03
2.415424219621814245e+03
2.313758713659623027e+03
2.218467758853120358e+03
2.128986242101786956e+03
2.044798220313117554e+03
1.965442289189078792e+03
1.890509602424213426e+03
1.819638788789990713e+03
1.752510233294300861e+03
1.688840905352262780e+03
1.628380168653062583e+03
1.570906580719183239e+03
1.516225388124342999e+03
1.464166248069430139e+03
1.414580542189932430e+03
1.367337804416742074e+03
1.322321218021173081e+03
1.279422554276209212e+03
1.238537221642150826e+03
1.199560379000874718e+03
1.162385080712938816e+03
1.126902854743663511e+03
1.093006346482745130e+03
1.060593066738531888e+03
1.029569061583120629e+03
9.998514813913245689e+02
9.713694494981111802e+02
9.440632116896603065e+02
9.178819897370248100e+02
8.927811412309516754e+02
8.687192493553206987e+02
8.456556831465665027e+02
8.235489944019268478e+02
8.023562488235648971e+02
7.820331480206323249e+02
7.625346594203601853e+02
7.438158664330925376e+02
7.258328326439215061e+02
7.085433734951403721e+02
6.919077190509004822e+02
6.758890936351763230e+02
6.604542334976506481e+02
6.455738255616221295e+02
6.312228047314976038e+02
6.173804028616906407e+02
6.040298412837630622e+02
5.911576030144740344e+02
5.787523290654364700e+02
5.668034873955720059e+02
5.553000845973028845e+02
5.442297022721501207e+02
5.335780751868019252e+02
5.233292501419923610e+02
5.134661048422312888e+02
5.039706707491058637e+02
4.948234810296040678e+02
4.860017414078692468e+02
4.774780301904792168e+02
4.692223411857855240e+02
4.612070250734198567e+02
