7.207712473908834909e+03
6.773400371200355949e+03
6.374540192517799369e+03
6.007585090750216295e+03
5.669394338096970387e+03
5.357174052069936806e+03
5.068423878928637350e+03
4.800888432843230476e+03
4.552512995084167414e+03
4.321404528533261328e+03
4.105801835386813764e+03
3.904062636555901918e+03
3.714678667378500450e+03
3.536327146084619017e+03
3.367950822860925655e+03
3.208828845943867236e+03
3.058579008630537828e+03
2.917055063235571197e+03
2.784172509690964944e+03
2.659750880408785633e+03
2.543442186777405368e+03
2.434748742004913765e+03
2.333087059492134813e+03
2.237853663632070493e+03
2.148470979774395346e+03
2.064410950168965428e+03
1.985202560193161389e+03
1.910430361509377008e+03
1.839729142628207910e+03
1.772777703478860758e+03
1.709293147466365554e+03
1.649026128714327569e+03
1.591756956611877740e+03
1.537292210575238187e+03
1.485461476673674497e+03
1.436113879596696961e+03
1.389114204241073367e+03
1.344338595643366489e+03
1.301670119052159862e+03
1.260994808430071544e+03
1.222198983892184742e+03
1.185168408978859134e+03
1.149789356656447126e+03
1.115951086085512770e+03
1.083548927431172160e+03
1.052487179432126140e+03
1.022681200597000839e+03
9.940582591483704391e+02
9.665569363462557249e+02
9.401252226724708407e+02
9.147178157608823312e+02
8.902932629658311043e+02
8.668115278843124543e+02
8.442323262380921278e+02
8.225143345610151755e+02
8.016151659133196290e+02
7.814918704372499860e+02
7.621017162052970662e+02
7.434030268567095163e+02
7.253559519656884049e+02
7.079230964639879176e+02
6.910699930438815954e+02
6.747654112585988742e+02
6.589815046670211132e+02
6.436937966810187390e+02
6.288810064137016980e+02
6.145247301322572184e+02
6.006090006701527955e+02
5.871197595958203692e+02
5.740442841972561610e+02
5.613706206281199229e+02
5.490870833384290108e+02
5.371818785521819564e+02
5.256428909401149667e+02
5.144576342852523112e+02
5.036133289924003407e+02
4.930970491842392107e+02
4.828958879125938779e+02
4.729971129883161325e+02
4.633883031939015495e+02
4.540574702866841790e+02
