8.733843986695321291e+03
8.210994596720056506e+03
7.730937853729774361e+03
7.289273895147710391e+03
6.882143389769892565e+03
6.506150778013619856e+03
6.158299820048501715e+03
5.835939262132617841e+03
5.536716857921156588e+03
5.258540318014645891e+03
4.999544027936898601e+03
4.758060587529239456e+03
4.532596395211599884e+03
4.321810637742784820e+03
4.124497156999816070e+03
3.939568755309136122e+03
3.766043574229911428e+03
3.603033241723373067e+03
3.449732531951556211e+03
3.305410322596850619e+03
3.169401668219069052e+03
3.041100836076895575e+03
2.919955174082223039e+03
2.805459699971147529e+03
2.697152317043218318e+03
2.594609575491491796e+03
2.497442909867316757e+03
2.405295292959755443e+03
2.317838254619532108e+03
2.234769221065524107e+03
2.155809136180313089e+03
2.080700331396639740e+03
2.009204615136677830e+03
1.941101556505619328e+03
1.876186941155434852e+03
1.814271380003604008e+03
1.755179053881882055e+03
1.698746579257672693e+03
1.644821981962493055e+03
1.593263767418069165e+03
1.543940077204403224e+03
1.496727922993990205e+03
1.451512489906713654e+03
1.408186502240956315e+03
1.366649645326022210e+03
1.326808037933757305e+03
1.288573750296255412e+03
1.251864363312707155e+03
1.216602565001115408e+03
1.182715780668070465e+03
1.150135833638889835e+03
1.118798633717338816e+03
1.088643890834047397e+03
1.059614851600158545e+03
1.031658056711698237e+03
1.004723117353895873e+03
9.787625089364804580e+02
9.537313806530679585e+02
9.295873795027551978e+02
9.062904875417142421e+02
8.838028712487214307e+02
8.620887419927942119e+02
8.411142266845940867e+02
8.208472477773894980e+02
8.012574118589551517e+02
7.823159061439906736e+02
7.639954022380210290e+02
7.462699665992366818e+02
7.291149771748022204e+02
7.125070457334827552e+02
6.964239454574342290e+02
6.808445433931826756e+02
6.657487373954976420e+02
6.511173972284542515e+02
6.369323095157858461e+02
6.231761262578659171e+02
6.098323166556956494e+02
5.968851220031737057e+02
5.843195134280609864e+02
5.721211522794443454e+02
5.602763529754154206e+02
