7.191230904010012637e+03
6.756864190620624868e+03
6.357940685412478160e+03
5.990912385600011476e+03
5.652637918744926537e+03
5.340323322550896592e+03
5.051469040283674985e+03
4.783821920198043699e+03
4.535331789325274258e+03
4.304113674719223127e+03
4.088419322691304842e+03
3.886625263730228653e+03
3.697247263316761746e+03
3.518987814993166921e+03
3.350807847323796977e+03
3.191986913437903240e+03
3.042118757631489643e+03
2.901012615800926596e+03
2.768533500990845823e+03
2.644460741136221259e+03
2.528425113122586936e+03
2.419925681805858858e+03
2.318387306693241953e+03
2.223219652505547401e+03
2.133858421503145564e+03
2.049786640542683472e+03
1.970541466074390883e+03
1.895712794457442214e+03
1.824938309240399576e+03
1.757897644743375395e+03
1.694307006412457895e+03
1.633914749742422373e+03
1.576497953752199692e+03
1.521859769441142362e+03
1.469827136527540006e+03
1.420248375217318198e+03
1.372990130790895591e+03
1.327933358366203720e+03
1.284968464401263873e+03
1.243990290409445151e+03
1.204894008462780903e+03
1.167572940415721405e+03
1.131918726559697006e+03
1.097823514020284392e+03
1.065183291665063052e+03
1.033901367590255859e+03
1.003891179826139137e+03
9.750778612916012662e+02
9.473982069381590918e+02
9.207990675888022452e+02
8.952347321697779989e+02
8.706642248355072979e+02
8.470490843816020288e+02
8.243515280396374010e+02
8.025329713223665067e+02
7.815533507537799096e+02
7.613714009610804396e+02
7.419455175366471167e+02
7.232347510990824730e+02
7.051996909981787667e+02
6.878031584262392926e+02
6.710107103651487250e+02
6.547909824587359253e+02
6.391158847696505063e+02
6.239606569433555023e+02
6.093037707351212475e+02
5.951266649610308832e+02
5.814133039476513432e+02
5.681495792382970649e+02
5.553226211347131311e+02
5.429201208567355934e+02
5.309297838862685239e+02
5.193390004305238108e+02
5.081347543451113893e+02
4.973037193844517674e+02
4.868324564329009831e+02
4.767076361809016021e+02
4.669162387994257415e+02
4.574457196513892541e+02
4.482841440146007699e+02
4.394203036435563376e+02
